%YAML:1.0
---
deviceType: Camera
K: !!opencv-matrix
   rows: 3
   cols: 3
   dt: d
   data: [ 5.8101144196059124e+02, 0., 4.6611629315197757e+02, 0.,
       5.8101144196059124e+02, 3.1452011177827347e+02, 0., 0., 1. ]
D: !!opencv-matrix
   rows: 5
   cols: 1
   dt: d
   data: [ -2.2014989146912736e-01, 8.5425465030947167e-02, 0., 0.,
       -1.0028586265519970e-02 ]
r: !!opencv-matrix
   rows: 3
   cols: 1
   dt: d
   data: [ -9.6071019657095663e-02, 4.6384407919543125e-02,
       -5.8740069123303252e-03 ]
t: !!opencv-matrix
   rows: 3
   cols: 1
   dt: d
   data: [ 3.3300000000000002e-01, -3.5999999999999999e-01,
       2.0869999995529653e+00 ]
sz: [ 960, 600 ]
remapped:
   []
dm: simple
